Band    |  92 |  49 | 30  | 21  |  18 |  13 |   6 |5    | 3.6 | 1.3 |0.7    
Jb1     | 132 |  83 |     |  36 |  65 |     |  80 |     |     |     |       
Jb2     |     |     |     | 350 | 320 |     | 320 | 300 |     | 910 |       
Cm      |     |     |     | 220 | 212 |     | 136 | 410 |     | 720 |      
Wb      |2100 |     |1680 | 420 | 560 | 840 |1680 |1600 |1680 |     |       
Ef      | 600 | 600 |  65 |  20 |  19 | 300 |  20 |  25 |  20 |  90 |  200  
Mc      |     |     |     | 490 | 700 | 400 | 170 | 840 | 320 | 700 |       
Nt      |     |     |     | 820 | 784 | 770 | 260 |1100 | 770 | 800 |  900  
Nk	|     |	    |	  | 	|     |	    |1800 |1800	|     |	    |
Sr      |     |     |     |  67 |  67 |     |     |  50 |     | 138 |       
O8      |     |     | 900 | 320 | 320 |     | 600 |1500 |     |     |       
O6      |     |     |     |     |     |1110 |     |     |1000 |1380 | 1310  
Sh      |     |     |     |     | 670 | 800 | 720 |1500 | 800 |     |       
T6      |     |     |     |  39 |  39 |  46 |  26 |  26 |  48 |     |       
Ur      |     |     |     | 300 | 300 | 560 | 250 |     | 350 | 850 |       
Tr      |     |     |2000 | 250 | 300 |     | 220 | 650 |     | 500 |       
Mh      |     |     |     |     |     |4500 |     |     |3200 |2608 | 4500  
Ys      |     |     |     |     |     |     | 160 |160  | 200 | 200 |  480  
Ar      | 12  |     |   3 | 3.5 |   3 | 3   | 5   |   5 |   6 |     |       
Wz      |     |     |     |     |     |1250 |     |     | 750 |     |       
Hh      |     |     |     |     | 430 | 410 | 650 | 700 | 630 |     |       
Ht      |     |     |     |     |     |1050 |     |     |1400 |     |       
Sv      |     |     |     | 360 | 360 | 330 | 250 |     | 200 | 710 |       
Zc      |     |     |     | 300 | 300 | 330 | 400 |     | 200 | 710 |       
Bd      |     |     |     | 330 | 330 | 330 | 200 |     | 200 | 710 |       
Ky      |     |     |     |     |     |     |     |     |     |1288 | 1919  
Ku      |     |     |     |     |     |     |     |     |     |1288 | 1919  
Kt      |     |     |     |     |     |     |     |     |     |1288 | 1919      
My      |     |     |     |     |     |     |     |     |     |     |       
Km      |     |     |     |     |     | 350 | 400 | 400 | 480 |     |       
Ro7     |     |     |     |     |  35 | 20  |     |     |  18 |  83 |       
Ro3     |     |     |     |     |     | 150 |     |     | 106 |     |       
Ny      |     |     |     |     |     | 850 |     |     |1255 |     |       
Ir      |     |     |     |     |3600 |     | 430 | 430 |     |     |       
Ho      |     |     |     | 470 | 420 | 650 | 640 | 800 | 560 |1800 |       
At      |     |     |     | 340 | 340 | 530 | 350 | 850 | 430 | 530 |       
Mp      |     |     |     | 340 | 340 | 530 | 350 | 850 | 430 | 900 |       
Pa      |     |     |     |  40 |  42 |  30 | 110 | 110 |  43 | 810 |       
Ti      |     |     |     |     |  23 |  16 |     |     |  25 |  60 |       
Cd      |     |     |     | 500 | 500 | 400 | 550 | 450 | 600 |2500 |       
